L_Schaefer_Area_1    -24.731276 -53.140897 -8.642408 
L_Schaefer_Area_2    -22.641290 -77.513423 -11.698647
L_Schaefer_Area_3    -41.827676 -71.905705 -7.834433 
L_Schaefer_Area_4    -10.622656 -67.224350 -3.160553 
L_Schaefer_Area_5    -24.609795 -93.991247 -8.779663 
L_Schaefer_Area_6    -12.931652 -44.118472 -2.464871 
L_Schaefer_Area_7    -7.457585  -91.934912 -2.161706 
L_Schaefer_Area_8    -45.011686 -70.518275 9.171135  
L_Schaefer_Area_9    -22.689711 -94.930506 5.943755  
L_Schaefer_Area_10   -13.618949 -68.541285 6.139700  
L_Schaefer_Area_11   -36.991885 -83.899426 9.982665  
L_Schaefer_Area_12   -12.554402 -72.156682 21.355627 
L_Schaefer_Area_13   -9.459867  -86.176277 26.713279 
L_Schaefer_Area_14   -23.610405 -84.928266 22.782424 
L_Schaefer_Area_15   -49.724147 -9.283094  -0.600720 
L_Schaefer_Area_16   -49.701556 -27.325175 9.999387  
L_Schaefer_Area_17   -36.713962 -20.606028 14.729437 
L_Schaefer_Area_18   -54.158903 -6.665057  11.797814 
L_Schaefer_Area_19   -50.966641 -23.900680 19.542571 
L_Schaefer_Area_20   -53.651837 -10.332845 29.871608 
L_Schaefer_Area_21   -43.887417 -10.964477 44.852659 
L_Schaefer_Area_22   -7.808249  -12.549822 45.076095 
L_Schaefer_Area_23   -45.304120 -28.863683 52.010254 
L_Schaefer_Area_24   -38.521202 -25.274037 53.813636 
L_Schaefer_Area_25   -30.024683 -45.251033 59.072568 
L_Schaefer_Area_26   -30.051502 -21.168926 60.608095 
L_Schaefer_Area_27   -26.556283 -36.781319 63.739814 
L_Schaefer_Area_28   -21.539476 -11.642903 64.612318 
L_Schaefer_Area_29   -7.989981  -30.039503 65.365586 
L_Schaefer_Area_30   -18.445335 -31.749707 64.120151 
L_Schaefer_Area_31   -42.365625 -48.106534 -17.467942
L_Schaefer_Area_32   -52.698437 -60.212873 -1.152647 
L_Schaefer_Area_33   -25.810567 -68.685092 38.925758 
L_Schaefer_Area_34   -52.771251 -25.944054 39.006733 
L_Schaefer_Area_35   -39.718569 -36.832206 45.779381 
L_Schaefer_Area_36   -33.559875 -47.645856 46.688428 
L_Schaefer_Area_37   -17.101652 -67.401453 53.124574 
L_Schaefer_Area_38   -26.919419 -56.683295 55.154407 
L_Schaefer_Area_39   -8.467206  -57.965004 57.401984 
L_Schaefer_Area_40   -18.256128 -48.889981 65.678416 
L_Schaefer_Area_41   -31.268253 -4.131769  52.183326 
L_Schaefer_Area_42   -21.840757 4.771612   58.464741 
L_Schaefer_Area_43   -46.755474 5.951001   27.901121 
L_Schaefer_Area_44   -52.986902 -39.543281 20.941366 
L_Schaefer_Area_45   -58.446377 -25.887905 27.534586 
L_Schaefer_Area_46   -57.581499 -38.201073 34.199292 
L_Schaefer_Area_47   -39.166722 -4.411938  -6.749142 
L_Schaefer_Area_48   -33.982497 20.699671  4.739441  
L_Schaefer_Area_49   -38.270226 0.758808   10.556155 
L_Schaefer_Area_50   -50.644602 10.115252  10.696273 
L_Schaefer_Area_51   -28.972235 41.255044  28.134932 
L_Schaefer_Area_52   -6.560457  7.367761   41.514420 
L_Schaefer_Area_53   -10.769359 -36.172022 46.847384 
L_Schaefer_Area_54   -7.385036  -5.142921  63.828058 
L_Schaefer_Area_55   -21.795991 21.314938  -19.156268
L_Schaefer_Area_56   -10.094733 32.349710  -20.288563
L_Schaefer_Area_57   -28.332760 -8.316594  -35.023028
L_Schaefer_Area_58   -44.938256 -20.154899 -28.673560
L_Schaefer_Area_59   -27.355833 7.737135   -33.042585
L_Schaefer_Area_60   -42.120974 6.060037   -18.613004
L_Schaefer_Area_61   -50.016397 -50.395170 42.868889 
L_Schaefer_Area_62   -34.656067 -58.015326 43.905535 
L_Schaefer_Area_63   -46.200614 -41.350058 44.580644 
L_Schaefer_Area_64   -57.874059 -44.575942 -12.678872
L_Schaefer_Area_65   -30.983588 41.442751  -12.784950
L_Schaefer_Area_66   -40.977730 46.841935  -4.460879 
L_Schaefer_Area_67   -27.367364 54.147631  8.871286  
L_Schaefer_Area_68   -39.905082 39.589549  15.673591 
L_Schaefer_Area_69   -42.394470 21.099390  25.931548 
L_Schaefer_Area_70   -41.242858 4.648633   41.390355 
L_Schaefer_Area_71   -10.154090 -69.712532 37.016533 
L_Schaefer_Area_72   -4.913320  -28.859230 26.873596 
L_Schaefer_Area_73   -3.023581  0.290172   30.513860 
L_Schaefer_Area_74   -44.953990 6.901901   -33.083819
L_Schaefer_Area_75   -58.050359 -20.311085 -21.635024
L_Schaefer_Area_76   -54.484765 -7.619175  -12.464514
L_Schaefer_Area_77   -56.008859 -31.510156 -3.950288 
L_Schaefer_Area_78   -56.458704 -42.256631 8.127899  
L_Schaefer_Area_79   -48.338086 -56.619350 16.017645 
L_Schaefer_Area_80   -38.387164 -76.258992 29.298605 
L_Schaefer_Area_81   -54.750711 -51.688217 27.417822 
L_Schaefer_Area_82   -44.309351 -63.786682 36.263946 
L_Schaefer_Area_83   -32.390845 19.156027  -13.268740
L_Schaefer_Area_84   -5.842098  35.289015  -10.111166
L_Schaefer_Area_85   -44.869338 30.993333  -5.370727 
L_Schaefer_Area_86   -14.015692 60.385798  -3.935084 
L_Schaefer_Area_87   -48.977728 24.777546  7.925570  
L_Schaefer_Area_88   -7.513544  44.075631  8.898195  
L_Schaefer_Area_89   -9.564946  55.760636  19.830770 
L_Schaefer_Area_90   -6.323133  28.156229  25.794160 
L_Schaefer_Area_91   -12.076247 43.199129  42.244335 
L_Schaefer_Area_92   -5.234206  29.034018  43.665141 
L_Schaefer_Area_93   -37.406763 16.921188  45.328583 
L_Schaefer_Area_94   -23.581674 25.175312  45.058438 
L_Schaefer_Area_95   -9.622644  13.995484  62.005143 
L_Schaefer_Area_96   -10.607858 -54.635192 11.783341 
L_Schaefer_Area_97   -6.033239  -53.144592 28.425344 
L_Schaefer_Area_98   -3.373481  -28.599314 36.911472 
L_Schaefer_Area_99   -6.554453  -54.876500 43.801889 
L_Schaefer_Area_100  -25.764644 -32.687458 -16.836585
R_Schaefer_Area_1    40.029170  -33.767659 -22.468150
R_Schaefer_Area_2    27.462730  -36.264142 -13.864681
R_Schaefer_Area_3    26.182340  -68.641191 -10.305213
R_Schaefer_Area_4    12.623605  -63.011968 -2.710577 
R_Schaefer_Area_5    44.716341  -73.164479 -2.433230 
R_Schaefer_Area_6    13.743782  -90.971835 -3.802533 
R_Schaefer_Area_7    16.371922  -44.905799 -1.529389 
R_Schaefer_Area_8    29.708404  -90.799341 -1.299175 
R_Schaefer_Area_9    10.349023  -76.394280 8.479713  
R_Schaefer_Area_10   21.462690  -59.945722 7.031328  
R_Schaefer_Area_11   39.524845  -78.921862 12.919108 
R_Schaefer_Area_12   20.322612  -87.695752 20.704901 
R_Schaefer_Area_13   12.598646  -73.931844 25.176512 
R_Schaefer_Area_14   18.227086  -80.022966 38.642256 
R_Schaefer_Area_15   31.434610  -72.295759 31.995311 
R_Schaefer_Area_16   50.783849  -16.686072 5.410886  
R_Schaefer_Area_17   62.027910  -27.191256 8.968073  
R_Schaefer_Area_18   38.664780  -13.293654 13.637014 
R_Schaefer_Area_19   43.730125  -27.759375 18.490211 
R_Schaefer_Area_20   57.475859  -0.111611  11.361530 
R_Schaefer_Area_21   55.850717  -12.301215 15.570325 
R_Schaefer_Area_22   55.575596  -6.726637  29.137577 
R_Schaefer_Area_23   8.786358   -14.527800 41.594429 
R_Schaefer_Area_24   49.434426  -22.239875 48.964402 
R_Schaefer_Area_25   44.933938  -11.448143 45.205052 
R_Schaefer_Area_26   7.907705   -9.525891  49.945593 
R_Schaefer_Area_27   38.318885  -23.696846 53.267362 
R_Schaefer_Area_28   31.609281  -40.827318 57.894505 
R_Schaefer_Area_29   30.274844  -20.371952 60.322333 
R_Schaefer_Area_30   29.626812  -34.206806 62.248799 
R_Schaefer_Area_31   21.236547  -10.125105 65.292837 
R_Schaefer_Area_32   11.284059  -39.855216 67.114655 
R_Schaefer_Area_33   7.150429   -24.484865 65.538938 
R_Schaefer_Area_34   19.167837  -30.975594 65.499581 
R_Schaefer_Area_35   47.708255  -54.385469 -12.232489
R_Schaefer_Area_36   48.748389  -59.905077 10.044607 
R_Schaefer_Area_37   57.768110  -18.765277 34.724341 
R_Schaefer_Area_38   45.016939  -37.533238 44.279518 
R_Schaefer_Area_39   41.617791  -32.147779 44.895898 
R_Schaefer_Area_40   14.838448  -69.089196 52.360685 
R_Schaefer_Area_41   33.746157  -48.019962 49.360881 
R_Schaefer_Area_42   24.991711  -58.558909 56.118568 
R_Schaefer_Area_43   9.001822   -54.843795 59.366824 
R_Schaefer_Area_44   20.099637  -47.368849 66.013465 
R_Schaefer_Area_45   34.509474  -4.195317  51.705540 
R_Schaefer_Area_46   25.266675  5.520329   57.038973 
R_Schaefer_Area_47   50.978942  10.460354  20.538592 
R_Schaefer_Area_48   53.490299  -47.324065 11.540084 
R_Schaefer_Area_49   56.593611  -41.676000 18.142212 
R_Schaefer_Area_50   57.991618  -29.063606 28.655811 
R_Schaefer_Area_51   48.500426  3.035390   39.561148 
R_Schaefer_Area_52   39.706295  5.984597   -17.250741
R_Schaefer_Area_53   44.055707  -4.956741  -5.976478 
R_Schaefer_Area_54   36.274808  23.224121  5.213570  
R_Schaefer_Area_55   42.339758  6.872740   4.790688  
R_Schaefer_Area_56   7.125941   7.053234   40.462705 
R_Schaefer_Area_57   11.048011  -34.113993 46.005985 
R_Schaefer_Area_58   8.711546   1.260775   63.191621 
R_Schaefer_Area_59   11.804375  33.955608  -20.787446
R_Schaefer_Area_60   27.317233  22.915248  -17.620238
R_Schaefer_Area_61   14.703826  62.895603  -6.073188 
R_Schaefer_Area_62   31.696207  7.593160   -35.496848
R_Schaefer_Area_63   46.680097  -14.266360 -32.391316
R_Schaefer_Area_64   26.630991  -12.667291 -30.877013
R_Schaefer_Area_65   55.795780  -41.868727 36.830454 
R_Schaefer_Area_66   47.417401  -46.046299 44.930027 
R_Schaefer_Area_67   35.648856  -60.304855 43.127527 
R_Schaefer_Area_68   59.344076  -45.799335 -7.843961 
R_Schaefer_Area_69   33.500171  21.270958  -8.577594 
R_Schaefer_Area_70   34.493176  46.413842  -10.641978
R_Schaefer_Area_71   28.658647  55.918797  5.212716  
R_Schaefer_Area_72   41.328773  43.534211  10.797319 
R_Schaefer_Area_73   43.506037  22.599516  24.999306 
R_Schaefer_Area_74   29.696845  46.105613  24.434261 
R_Schaefer_Area_75   38.851042  29.731953  35.004538 
R_Schaefer_Area_76   40.150387  12.995138  44.470730 
R_Schaefer_Area_77   14.032889  -67.473385 35.555523 
R_Schaefer_Area_78   5.656692   -27.205811 28.029945 
R_Schaefer_Area_79   4.544078   -0.009449  29.738346 
R_Schaefer_Area_80   7.845205   28.038812  29.804138 
R_Schaefer_Area_81   8.893433   22.901900  53.620008 
R_Schaefer_Area_82   45.253712  -68.980105 27.286152 
R_Schaefer_Area_83   51.820981  -53.197236 27.827424 
R_Schaefer_Area_84   46.309918  -60.243655 40.815526 
R_Schaefer_Area_85   47.879492  9.923086   -28.040741
R_Schaefer_Area_86   59.738384  -18.411835 -19.216796
R_Schaefer_Area_87   53.710707  -9.941253  -9.245453 
R_Schaefer_Area_88   60.108087  -31.465701 -3.742136 
R_Schaefer_Area_89   51.551968  -34.349491 3.430663  
R_Schaefer_Area_90   49.001550  29.514014  1.365360  
R_Schaefer_Area_91   5.048088   34.858280  -12.516583
R_Schaefer_Area_92   8.282515   42.894089  4.826676  
R_Schaefer_Area_93   5.051140   26.310801  17.967324 
R_Schaefer_Area_94   9.438487   55.065922  20.035863 
R_Schaefer_Area_95   15.388412  42.488939  42.370220 
R_Schaefer_Area_96   28.104662  27.047319  42.905945 
R_Schaefer_Area_97   22.725927  21.543469  51.456331 
R_Schaefer_Area_98   12.594895  -52.684111 12.819034 
R_Schaefer_Area_99   6.608039   -48.749758 30.304970 
R_Schaefer_Area_100  7.333319   -56.717997 46.023542 
