L_Schaefer_Area_1    -25.811155 -33.927594 -16.140253
L_Schaefer_Area_2    -22.721156 -77.246280 -11.689053
L_Schaefer_Area_3    -17.250652 -61.163565 -5.676682 
L_Schaefer_Area_4    -25.779919 -93.205319 -3.999111 
L_Schaefer_Area_5    -7.366900  -91.069160 -1.106813 
L_Schaefer_Area_6    -13.939608 -63.543762 4.813582  
L_Schaefer_Area_7    -44.650928 -71.154530 9.494488  
L_Schaefer_Area_8    -24.521334 -86.122131 20.633640 
L_Schaefer_Area_9    -9.090402  -80.172489 24.621838 
L_Schaefer_Area_10   -50.646647 -25.289540 8.927068  
L_Schaefer_Area_11   -36.924619 -20.549792 14.816436 
L_Schaefer_Area_12   -53.005369 -12.131863 14.526551 
L_Schaefer_Area_13   -52.063447 -10.331133 32.393501 
L_Schaefer_Area_14   -38.350121 -24.417793 55.077835 
L_Schaefer_Area_15   -11.562349 -26.764781 62.605812 
L_Schaefer_Area_16   -44.248343 -57.711540 -11.120182
L_Schaefer_Area_17   -55.381795 -25.127694 35.991460 
L_Schaefer_Area_18   -24.722043 -64.035581 47.448334 
L_Schaefer_Area_19   -40.686903 -35.471866 46.083189 
L_Schaefer_Area_20   -8.578680  -58.278266 57.020370 
L_Schaefer_Area_21   -22.669332 -47.927149 63.228372 
L_Schaefer_Area_22   -47.031187 6.694967   26.716892 
L_Schaefer_Area_23   -26.510194 -3.672917  57.183053 
L_Schaefer_Area_24   -55.855270 -37.518303 29.016584 
L_Schaefer_Area_25   -40.888483 -2.831988  -8.561449 
L_Schaefer_Area_26   -37.585830 11.360193  7.167946  
L_Schaefer_Area_27   -29.632957 41.074985  27.661907 
L_Schaefer_Area_28   -5.745044  15.143775  34.669400 
L_Schaefer_Area_29   -10.619484 -34.950219 46.366256 
L_Schaefer_Area_30   -7.307133  0.225702   61.019669 
L_Schaefer_Area_31   -13.590329 30.414318  -19.498982
L_Schaefer_Area_32   -33.257219 -1.710942  -32.728059
L_Schaefer_Area_33   -54.196439 -32.422521 -20.547702
L_Schaefer_Area_34   -38.112472 -51.599786 44.014636 
L_Schaefer_Area_35   -41.133099 31.482128  20.283307 
L_Schaefer_Area_36   -10.150635 -69.640605 37.189166 
L_Schaefer_Area_37   -4.119031  -27.107760 30.068566 
L_Schaefer_Area_38   -53.833072 -5.933491  -18.559291
L_Schaefer_Area_39   -56.144780 -32.784183 -1.458144 
L_Schaefer_Area_40   -54.128266 -49.801237 11.655276 
L_Schaefer_Area_41   -46.062521 -61.390165 32.945521 
L_Schaefer_Area_42   -32.785278 20.774407  -10.854820
L_Schaefer_Area_43   -44.126306 34.466922  -1.620290 
L_Schaefer_Area_44   -6.734615  45.955606  0.106141  
L_Schaefer_Area_45   -22.901934 57.505742  -0.023442 
L_Schaefer_Area_46   -11.166622 40.364230  39.685574 
L_Schaefer_Area_47   -38.493154 12.286190  45.484383 
L_Schaefer_Area_48   -24.887683 20.838590  47.635390 
L_Schaefer_Area_49   -10.798120 -54.683286 11.430661 
L_Schaefer_Area_50   -6.170376  -52.216229 34.233379 
R_Schaefer_Area_1    31.347307  -30.590346 -20.081302
R_Schaefer_Area_2    25.862697  -63.825755 -9.879790 
R_Schaefer_Area_3    46.531897  -61.180392 -8.106243 
R_Schaefer_Area_4    23.310072  -91.374246 -1.845148 
R_Schaefer_Area_5    9.582045   -76.429391 5.985126  
R_Schaefer_Area_6    17.599561  -56.403900 5.534662  
R_Schaefer_Area_7    34.438778  -80.041030 18.532697 
R_Schaefer_Area_8    14.925486  -83.215934 28.967817 
R_Schaefer_Area_9    51.174083  -19.859961 8.165577  
R_Schaefer_Area_10   39.919979  -14.832913 13.849606 
R_Schaefer_Area_11   55.562585  -5.058390  12.719462 
R_Schaefer_Area_12   55.521559  -6.904668  29.548971 
R_Schaefer_Area_13   44.747148  -11.077598 44.962083 
R_Schaefer_Area_14   39.066085  -21.605185 55.704464 
R_Schaefer_Area_15   30.738523  -37.120585 59.550902 
R_Schaefer_Area_16   11.921471  -26.798925 64.025397 
R_Schaefer_Area_17   48.286971  -62.500925 15.297755 
R_Schaefer_Area_18   48.917287  -25.007490 41.560113 
R_Schaefer_Area_19   38.388528  -44.122952 46.231041 
R_Schaefer_Area_20   25.134975  -63.689291 49.448925 
R_Schaefer_Area_21   15.200966  -51.171742 62.971553 
R_Schaefer_Area_22   48.363464  9.466829   27.118440 
R_Schaefer_Area_23   27.424658  -3.742493  57.810594 
R_Schaefer_Area_24   55.015219  -44.201611 15.317220 
R_Schaefer_Area_25   58.055917  -28.529309 28.840757 
R_Schaefer_Area_26   39.501610  8.464559   -0.285926 
R_Schaefer_Area_27   10.791899  -29.529651 45.054619 
R_Schaefer_Area_28   7.872855   3.685502   52.680448 
R_Schaefer_Area_29   13.058332  32.890483  -18.892845
R_Schaefer_Area_30   38.073986  -2.220248  -33.441732
R_Schaefer_Area_31   52.450594  -42.721439 41.060228 
R_Schaefer_Area_32   41.784085  -62.074518 41.182262 
R_Schaefer_Area_33   29.155863  55.643219  -2.041190 
R_Schaefer_Area_34   42.943829  37.635933  14.998352 
R_Schaefer_Area_35   31.774749  42.367044  26.896820 
R_Schaefer_Area_36   40.814754  15.443663  41.405952 
R_Schaefer_Area_37   5.324925   -27.530228 29.852448 
R_Schaefer_Area_38   6.505775   22.274268  31.296578 
R_Schaefer_Area_39   10.225842  -62.020462 42.933322 
R_Schaefer_Area_40   51.601925  -53.678928 29.485249 
R_Schaefer_Area_41   59.724619  -28.381801 -15.474390
R_Schaefer_Area_42   50.447119  2.937776   -16.342156
R_Schaefer_Area_43   55.169477  -29.164253 -0.593739 
R_Schaefer_Area_44   33.684167  26.478592  -12.455777
R_Schaefer_Area_45   48.935101  29.745122  1.376583  
R_Schaefer_Area_46   7.082329   46.383891  0.766191  
R_Schaefer_Area_47   12.374363  43.031569  39.109477 
R_Schaefer_Area_48   25.947115  22.602942  47.959413 
R_Schaefer_Area_49   12.226889  -52.003080 12.200844 
R_Schaefer_Area_50   7.085600   -51.524503 30.793984 
