L_Schaefer_Area_1    -33.016710 -40.666262 -20.108519
L_Schaefer_Area_2    -30.189314 -33.674979 -17.019274
L_Schaefer_Area_3    -33.816113 -61.944120 -15.734926
L_Schaefer_Area_4    -25.135867 -54.236794 -7.828200 
L_Schaefer_Area_5    -21.537252 -74.296886 -9.383909 
L_Schaefer_Area_6    -31.138657 -82.318249 -13.623059
L_Schaefer_Area_7    -16.756229 -38.206279 -10.159268
L_Schaefer_Area_8    -41.944076 -72.506899 -7.496763 
L_Schaefer_Area_9    -14.281058 -87.614426 -11.789189
L_Schaefer_Area_10   -13.420459 -61.577599 -4.043707 
L_Schaefer_Area_11   -6.959566  -74.952430 -2.509140 
L_Schaefer_Area_12   -23.642535 -95.230906 -8.616393 
L_Schaefer_Area_13   -12.541885 -42.208284 -3.662206 
L_Schaefer_Area_14   -36.617679 -86.704600 -1.854024 
L_Schaefer_Area_15   -10.316175 -96.151613 -4.071397 
L_Schaefer_Area_16   -15.314824 -52.309018 -0.488130 
L_Schaefer_Area_17   -43.959090 -73.904616 5.308090  
L_Schaefer_Area_18   -5.902035  -87.349770 1.177580  
L_Schaefer_Area_19   -24.022328 -94.296507 5.977911  
L_Schaefer_Area_20   -11.056915 -47.808839 3.769009  
L_Schaefer_Area_21   -9.126291  -75.735344 8.646087  
L_Schaefer_Area_22   -20.004818 -63.250265 5.852453  
L_Schaefer_Area_23   -36.768975 -83.045641 13.313146 
L_Schaefer_Area_24   -12.525352 -95.497111 14.822498 
L_Schaefer_Area_25   -4.274363  -85.442835 22.153901 
L_Schaefer_Area_26   -12.580034 -71.410825 20.099140 
L_Schaefer_Area_27   -25.336282 -83.770287 20.380733 
L_Schaefer_Area_28   -31.344332 -81.438531 26.316375 
L_Schaefer_Area_29   -15.069563 -86.040497 31.758002 
L_Schaefer_Area_30   -13.475419 -77.104711 34.527662 
L_Schaefer_Area_31   -19.427948 -74.032745 43.113854 
L_Schaefer_Area_32   -48.797519 -11.986358 1.151272  
L_Schaefer_Area_33   -53.649095 -23.342320 7.450086  
L_Schaefer_Area_34   -36.153648 -22.771245 8.026276  
L_Schaefer_Area_35   -38.197926 -7.777169  12.736891 
L_Schaefer_Area_36   -35.563359 -25.889136 17.905696 
L_Schaefer_Area_37   -55.047037 -38.415071 16.496972 
L_Schaefer_Area_38   -41.214449 -34.555542 15.010108 
L_Schaefer_Area_39   -46.867364 -15.316317 16.414384 
L_Schaefer_Area_40   -58.262778 -4.604571  12.466652 
L_Schaefer_Area_41   -47.680643 -25.245772 18.876233 
L_Schaefer_Area_42   -57.645332 -19.474327 20.590543 
L_Schaefer_Area_43   -56.950821 -4.530404  23.066305 
L_Schaefer_Area_44   -60.529895 -12.095838 29.924991 
L_Schaefer_Area_45   -50.609014 -10.377459 28.875415 
L_Schaefer_Area_46   -53.530656 -21.607400 38.991053 
L_Schaefer_Area_47   -48.003673 -8.938119  41.172038 
L_Schaefer_Area_48   -46.485826 -16.879435 38.249470 
L_Schaefer_Area_49   -8.644323  -14.851623 45.783420 
L_Schaefer_Area_50   -38.882880 -15.294686 46.034419 
L_Schaefer_Area_51   -46.397239 -20.126652 51.795124 
L_Schaefer_Area_52   -44.343110 -30.052582 53.169974 
L_Schaefer_Area_53   -36.885765 -25.450581 49.702388 
L_Schaefer_Area_54   -9.513195  -37.089298 53.194381 
L_Schaefer_Area_55   -4.973234  -22.341292 54.510617 
L_Schaefer_Area_56   -4.841285  -8.347084  59.294288 
L_Schaefer_Area_57   -33.481124 -19.556182 59.802591 
L_Schaefer_Area_58   -29.993581 -45.107796 59.205030 
L_Schaefer_Area_59   -32.085183 -30.434727 59.084075 
L_Schaefer_Area_60   -29.809343 -37.433720 61.159542 
L_Schaefer_Area_61   -25.354751 -11.496116 60.752604 
L_Schaefer_Area_62   -20.670041 -25.742655 62.557829 
L_Schaefer_Area_63   -9.217099  -41.395007 68.045347 
L_Schaefer_Area_64   -5.476528  -25.167357 66.968616 
L_Schaefer_Area_65   -16.838266 -12.716328 68.556279 
L_Schaefer_Area_66   -17.794204 -32.142135 64.980673 
L_Schaefer_Area_67   -19.047393 -38.433253 67.906031 
L_Schaefer_Area_68   -12.669635 -26.347616 69.619818 
L_Schaefer_Area_69   -44.395670 -40.428498 -20.315832
L_Schaefer_Area_70   -45.845726 -55.465700 -13.283169
L_Schaefer_Area_71   -50.939953 -62.091034 -0.617639 
L_Schaefer_Area_72   -45.692934 -66.335385 13.536033 
L_Schaefer_Area_73   -25.707431 -70.717751 32.183094 
L_Schaefer_Area_74   -52.869609 -31.275044 40.416989 
L_Schaefer_Area_75   -24.910038 -64.193045 47.279025 
L_Schaefer_Area_76   -44.609262 -30.842897 41.580900 
L_Schaefer_Area_77   -35.143232 -46.028421 42.892598 
L_Schaefer_Area_78   -29.200624 -55.885800 48.085604 
L_Schaefer_Area_79   -38.294456 -38.720461 47.163916 
L_Schaefer_Area_80   -32.074620 -49.829807 51.993371 
L_Schaefer_Area_81   -16.429429 -65.101077 56.414830 
L_Schaefer_Area_82   -25.643427 -57.299311 57.546303 
L_Schaefer_Area_83   -10.833080 -56.066916 61.709822 
L_Schaefer_Area_84   -22.005643 -52.319920 63.582239 
L_Schaefer_Area_85   -14.605745 -48.793112 68.086940 
L_Schaefer_Area_86   -39.185819 -3.534425  50.662209 
L_Schaefer_Area_87   -26.484691 0.694110   54.409160 
L_Schaefer_Area_88   -30.305001 -6.656083  51.047224 
L_Schaefer_Area_89   -20.402111 3.900017   60.202704 
L_Schaefer_Area_90   -48.202317 6.519466   25.011428 
L_Schaefer_Area_91   -46.967575 1.401234   37.129604 
L_Schaefer_Area_92   -51.825075 -33.365951 22.761503 
L_Schaefer_Area_93   -55.464299 -42.376425 26.745992 
L_Schaefer_Area_94   -59.056786 -23.804491 29.994339 
L_Schaefer_Area_95   -58.797972 -34.868487 32.218195 
L_Schaefer_Area_96   -52.708954 -52.959298 8.174487  
L_Schaefer_Area_97   -44.285899 3.381154   -15.523753
L_Schaefer_Area_98   -38.223273 1.731892   -8.534840 
L_Schaefer_Area_99   -33.194685 25.206805  -1.428825 
L_Schaefer_Area_100  -40.263612 -13.071184 -3.721863 
L_Schaefer_Area_101  -33.300087 19.481623  7.625419  
L_Schaefer_Area_102  -36.073106 5.371878   9.667188  
L_Schaefer_Area_103  -44.468203 13.464984  3.538973  
L_Schaefer_Area_104  -49.787899 -0.435574  6.566235  
L_Schaefer_Area_105  -50.970696 10.650218  12.421912 
L_Schaefer_Area_106  -29.715194 42.221800  26.510024 
L_Schaefer_Area_107  -6.775557  18.567366  33.212596 
L_Schaefer_Area_108  -6.784565  -1.637089  41.731652 
L_Schaefer_Area_109  -11.157254 -27.011896 40.935696 
L_Schaefer_Area_110  -6.461125  6.514522   49.103020 
L_Schaefer_Area_111  -11.300890 -40.898094 47.435825 
L_Schaefer_Area_112  -7.938117  -49.333798 57.873906 
L_Schaefer_Area_113  -9.822176  -5.346341  68.256606 
L_Schaefer_Area_114  -11.894779 22.379735  -20.505017
L_Schaefer_Area_115  -21.992458 22.474931  -18.877922
L_Schaefer_Area_116  -10.365665 46.240629  -21.137265
L_Schaefer_Area_117  -4.298053  17.818918  -18.037576
L_Schaefer_Area_118  -16.369824 62.094822  -5.889255 
L_Schaefer_Area_119  -37.665729 -4.622361  -40.599989
L_Schaefer_Area_120  -25.082436 3.405789   -37.437097
L_Schaefer_Area_121  -27.263026 -10.861360 -31.668981
L_Schaefer_Area_122  -52.113279 -20.928427 -29.456492
L_Schaefer_Area_123  -40.894976 -20.562342 -25.440781
L_Schaefer_Area_124  -42.360818 11.066857  -33.503152
L_Schaefer_Area_125  -32.977044 10.286803  -27.845032
L_Schaefer_Area_126  -22.004531 -23.398519 -23.661545
L_Schaefer_Area_127  -29.331688 -69.721658 40.162026 
L_Schaefer_Area_128  -56.276252 -40.946425 39.999107 
L_Schaefer_Area_129  -51.295370 -49.313420 41.848046 
L_Schaefer_Area_130  -33.359176 -59.128518 43.607426 
L_Schaefer_Area_131  -40.990548 -51.099147 44.950890 
L_Schaefer_Area_132  -46.430848 -41.048480 44.878782 
L_Schaefer_Area_133  -57.561713 -50.220307 -8.902747 
L_Schaefer_Area_134  -26.671603 49.133099  -12.808933
L_Schaefer_Area_135  -40.986854 46.776250  -4.823172 
L_Schaefer_Area_136  -43.602880 35.933692  10.137543 
L_Schaefer_Area_137  -36.845206 48.132294  11.473822 
L_Schaefer_Area_138  -26.855658 52.440979  13.688234 
L_Schaefer_Area_139  -39.660233 36.999973  20.718456 
L_Schaefer_Area_140  -42.622267 21.455399  25.899478 
L_Schaefer_Area_141  -39.482856 8.489741   33.569861 
L_Schaefer_Area_142  -36.414881 30.222422  34.044059 
L_Schaefer_Area_143  -32.060521 15.382975  -10.291062
L_Schaefer_Area_144  -9.864882  -71.821575 46.192104 
L_Schaefer_Area_145  -6.980455  -61.242688 53.171364 
L_Schaefer_Area_146  -3.168271  1.044937   30.133453 
L_Schaefer_Area_147  -4.304103  -21.742601 28.775127 
L_Schaefer_Area_148  -5.168215  23.800302  47.228763 
L_Schaefer_Area_149  -51.881677 -2.015283  -29.530362
L_Schaefer_Area_150  -59.521140 -19.478029 -19.338828
L_Schaefer_Area_151  -57.368926 -37.980299 -17.781975
L_Schaefer_Area_152  -54.488245 -11.051578 -14.342195
L_Schaefer_Area_153  -53.395781 2.616978   -11.475074
L_Schaefer_Area_154  -57.951685 -36.464391 -3.797215 
L_Schaefer_Area_155  -52.430431 -24.925639 -4.844958 
L_Schaefer_Area_156  -58.683913 -14.541394 -2.607969 
L_Schaefer_Area_157  -59.959241 -33.000974 6.025218  
L_Schaefer_Area_158  -52.482452 -42.688650 5.267535  
L_Schaefer_Area_159  -56.235778 -48.229832 16.307606 
L_Schaefer_Area_160  -46.814083 -58.169657 19.647777 
L_Schaefer_Area_161  -39.756208 -76.081389 28.311270 
L_Schaefer_Area_162  -46.230503 -62.515347 30.114476 
L_Schaefer_Area_163  -54.185798 -52.500166 28.523707 
L_Schaefer_Area_164  -38.838218 -69.752824 41.484150 
L_Schaefer_Area_165  -45.932420 -58.332069 43.097517 
L_Schaefer_Area_166  -32.643428 20.642412  -15.812213
L_Schaefer_Area_167  -34.009268 36.513538  -12.532181
L_Schaefer_Area_168  -5.865077  54.056116  -9.095926 
L_Schaefer_Area_169  -5.882449  34.782372  -9.374053 
L_Schaefer_Area_170  -45.265206 31.958980  -8.698243 
L_Schaefer_Area_171  -28.604986 55.386386  1.955806  
L_Schaefer_Area_172  -46.610340 29.123615  1.932849  
L_Schaefer_Area_173  -7.654597  57.135959  8.608778  
L_Schaefer_Area_174  -7.308672  44.188264  7.378125  
L_Schaefer_Area_175  -50.221834 22.030915  10.917105 
L_Schaefer_Area_176  -16.651191 62.982369  10.773049 
L_Schaefer_Area_177  -6.242512  32.019376  22.697983 
L_Schaefer_Area_178  -6.126354  48.354824  29.052263 
L_Schaefer_Area_179  -14.508859 53.506492  30.077966 
L_Schaefer_Area_180  -22.051411 47.694138  27.285891 
L_Schaefer_Area_181  -26.648030 29.687640  39.472945 
L_Schaefer_Area_182  -38.052967 16.225957  45.062451 
L_Schaefer_Area_183  -9.312829  38.880357  48.804499 
L_Schaefer_Area_184  -19.068882 34.638116  42.099434 
L_Schaefer_Area_185  -40.178396 4.706298   46.616880 
L_Schaefer_Area_186  -29.596642 15.428070  51.324777 
L_Schaefer_Area_187  -21.635053 19.569553  49.412224 
L_Schaefer_Area_188  -11.622978 20.461203  59.639020 
L_Schaefer_Area_189  -7.076464  6.638432   64.167957 
L_Schaefer_Area_190  -7.049149  -49.874636 9.026030  
L_Schaefer_Area_191  -13.123215 -60.068015 15.999065 
L_Schaefer_Area_192  -4.456325  -52.098533 20.528513 
L_Schaefer_Area_193  -5.533658  -38.828500 23.978792 
L_Schaefer_Area_194  -10.432089 -67.964924 31.397938 
L_Schaefer_Area_195  -6.169966  -58.928314 31.175088 
L_Schaefer_Area_196  -7.676651  -43.761301 34.026759 
L_Schaefer_Area_197  -3.447797  -31.624012 37.755139 
L_Schaefer_Area_198  -2.432894  -15.738284 37.660927 
L_Schaefer_Area_199  -4.895415  -65.936533 43.853772 
L_Schaefer_Area_200  -7.078494  -50.250005 44.592336 
R_Schaefer_Area_1    35.251705  -36.758418 -21.848853
R_Schaefer_Area_2    30.860095  -32.040556 -17.291092
R_Schaefer_Area_3    35.787628  -55.495023 -16.654692
R_Schaefer_Area_4    33.109025  -75.209489 -12.663312
R_Schaefer_Area_5    26.599860  -51.769271 -8.602461 
R_Schaefer_Area_6    20.882446  -72.869103 -8.460266 
R_Schaefer_Area_7    17.565823  -35.701742 -10.708619
R_Schaefer_Area_8    18.703391  -86.517981 -9.833509 
R_Schaefer_Area_9    46.510036  -66.093507 -6.339815 
R_Schaefer_Area_10   38.965553  -83.648361 -8.433251 
R_Schaefer_Area_11   8.407838   -71.952670 -0.536727 
R_Schaefer_Area_12   13.739343  -56.317718 -3.210180 
R_Schaefer_Area_13   25.872310  -93.838901 -6.883617 
R_Schaefer_Area_14   17.512862  -44.902476 -2.501259 
R_Schaefer_Area_15   11.321640  -91.363218 -1.124340 
R_Schaefer_Area_16   46.262812  -67.094588 7.058583  
R_Schaefer_Area_17   13.035057  -44.447783 2.851146  
R_Schaefer_Area_18   34.285732  -85.653356 5.023861  
R_Schaefer_Area_19   10.909008  -74.902201 8.866040  
R_Schaefer_Area_20   22.081931  -59.527185 5.967709  
R_Schaefer_Area_21   23.183106  -96.377404 7.807159  
R_Schaefer_Area_22   41.571648  -77.247025 13.445206 
R_Schaefer_Area_23   14.438062  -91.805645 17.745478 
R_Schaefer_Area_24   16.227837  -66.540214 19.012325 
R_Schaefer_Area_25   6.397375   -81.836537 21.500883 
R_Schaefer_Area_26   27.627038  -84.511006 20.665389 
R_Schaefer_Area_27   34.987015  -76.321150 24.186760 
R_Schaefer_Area_28   16.370766  -75.165792 33.484881 
R_Schaefer_Area_29   18.799772  -83.076987 35.965771 
R_Schaefer_Area_30   27.118284  -73.868188 38.070369 
R_Schaefer_Area_31   53.412573  -0.142202  -4.738419 
R_Schaefer_Area_32   60.265487  -22.066543 1.284229  
R_Schaefer_Area_33   53.713166  -16.495229 6.790221  
R_Schaefer_Area_34   41.264244  -16.698222 1.803041  
R_Schaefer_Area_35   38.351444  -6.548187  12.651326 
R_Schaefer_Area_36   35.879660  -20.013992 12.959327 
R_Schaefer_Area_37   59.820864  -27.527691 12.315919 
R_Schaefer_Area_38   60.280989  -36.903470 13.292095 
R_Schaefer_Area_39   41.108434  -12.620694 18.069325 
R_Schaefer_Area_40   42.153609  -28.871367 18.176473 
R_Schaefer_Area_41   50.109539  -11.098916 14.476703 
R_Schaefer_Area_42   57.391888  -0.315598  10.817354 
R_Schaefer_Area_43   49.188903  -21.529051 19.149807 
R_Schaefer_Area_44   60.829040  -12.266890 16.372525 
R_Schaefer_Area_45   58.563700  4.292891   29.405920 
R_Schaefer_Area_46   57.335481  -6.764299  26.836693 
R_Schaefer_Area_47   59.573340  -15.799216 31.165486 
R_Schaefer_Area_48   49.237935  -7.420007  35.253792 
R_Schaefer_Area_49   54.063317  -18.238871 40.546952 
R_Schaefer_Area_50   9.869735   -15.493812 41.859813 
R_Schaefer_Area_51   50.208183  -14.320459 45.997614 
R_Schaefer_Area_52   42.940419  -10.769946 45.542156 
R_Schaefer_Area_53   46.633354  -25.463642 52.793755 
R_Schaefer_Area_54   8.018089   -8.441152  49.797057 
R_Schaefer_Area_55   40.362453  -21.464716 50.335258 
R_Schaefer_Area_56   34.456062  -18.582128 58.854630 
R_Schaefer_Area_57   33.126482  -34.028314 59.288644 
R_Schaefer_Area_58   30.843492  -40.685374 58.632125 
R_Schaefer_Area_59   33.076653  -27.774327 57.979893 
R_Schaefer_Area_60   5.349953   -24.310275 56.385560 
R_Schaefer_Area_61   26.720946  -11.417304 62.170894 
R_Schaefer_Area_62   10.271980  -41.024358 65.138924 
R_Schaefer_Area_63   20.315374  -25.386765 62.760219 
R_Schaefer_Area_64   20.778733  -30.308039 63.567587 
R_Schaefer_Area_65   22.762181  -35.476787 67.167312 
R_Schaefer_Area_66   14.174788  -10.080220 69.345860 
R_Schaefer_Area_67   15.386821  -47.342124 68.427384 
R_Schaefer_Area_68   5.485554   -24.189229 68.180419 
R_Schaefer_Area_69   14.689132  -21.763062 70.773783 
R_Schaefer_Area_70   12.249640  -34.823056 72.689658 
R_Schaefer_Area_71   47.494497  -50.264440 -15.321684
R_Schaefer_Area_72   55.081301  -55.546534 1.267018  
R_Schaefer_Area_73   49.856934  -56.242831 11.957641 
R_Schaefer_Area_74   42.433064  -73.896708 30.814773 
R_Schaefer_Area_75   30.633821  -67.237989 34.583038 
R_Schaefer_Area_76   54.544286  -24.890730 41.393334 
R_Schaefer_Area_77   16.393377  -72.590550 47.032047 
R_Schaefer_Area_78   40.329840  -38.360377 43.470862 
R_Schaefer_Area_79   44.845240  -28.360271 42.513251 
R_Schaefer_Area_80   28.576507  -61.123051 48.662812 
R_Schaefer_Area_81   35.793119  -45.551138 44.788534 
R_Schaefer_Area_82   20.699654  -66.009545 52.911860 
R_Schaefer_Area_83   37.151616  -36.803640 48.649441 
R_Schaefer_Area_84   32.620486  -50.180372 51.174049 
R_Schaefer_Area_85   9.564914   -67.030790 52.898806 
R_Schaefer_Area_86   25.985875  -55.744250 58.448246 
R_Schaefer_Area_87   7.875925   -53.813500 58.603773 
R_Schaefer_Area_88   13.900612  -60.293739 60.783391 
R_Schaefer_Area_89   24.398309  -48.220164 63.916574 
R_Schaefer_Area_90   38.528561  -3.214868  50.904784 
R_Schaefer_Area_91   27.046515  -3.056840  53.325289 
R_Schaefer_Area_92   21.319122  -3.991898  63.216754 
R_Schaefer_Area_93   49.452173  7.762169   25.156466 
R_Schaefer_Area_94   54.882543  -47.987556 9.351047  
R_Schaefer_Area_95   51.999023  -42.643433 13.316433 
R_Schaefer_Area_96   56.764198  -43.125784 22.675902 
R_Schaefer_Area_97   56.398879  -33.049157 24.772329 
R_Schaefer_Area_98   57.875823  -22.320578 24.754605 
R_Schaefer_Area_99   59.645908  -30.234012 36.466051 
R_Schaefer_Area_100  56.034536  -41.994846 36.306428 
R_Schaefer_Area_101  48.243604  2.928549   39.593037 
R_Schaefer_Area_102  39.213057  5.465085   -17.569565
R_Schaefer_Area_103  39.658119  9.942144   -5.604713 
R_Schaefer_Area_104  40.303522  -6.364203  -8.011022 
R_Schaefer_Area_105  39.386513  2.601228   2.364441  
R_Schaefer_Area_106  37.274558  22.495904  5.190173  
R_Schaefer_Area_107  38.101104  5.788567   10.858131 
R_Schaefer_Area_108  49.492595  5.357218   4.808006  
R_Schaefer_Area_109  52.629033  12.502591  12.324283 
R_Schaefer_Area_110  32.398763  42.897544  25.616167 
R_Schaefer_Area_111  7.271304   16.235051  36.330490 
R_Schaefer_Area_112  6.870458   0.380977   41.883922 
R_Schaefer_Area_113  10.862871  -31.153339 42.004201 
R_Schaefer_Area_114  6.820002   9.667658   54.399095 
R_Schaefer_Area_115  11.160546  -43.278329 52.262064 
R_Schaefer_Area_116  11.553346  -30.759888 48.406104 
R_Schaefer_Area_117  6.823871   -3.834321  64.063719 
R_Schaefer_Area_118  14.639178  3.505147   67.750608 
R_Schaefer_Area_119  13.178445  19.964661  -19.705300
R_Schaefer_Area_120  22.863285  23.949494  -18.512008
R_Schaefer_Area_121  8.314161   43.744453  -22.502150
R_Schaefer_Area_122  20.159297  44.461886  -17.160891
R_Schaefer_Area_123  4.923859   17.716858  -19.676647
R_Schaefer_Area_124  9.329273   61.325559  -13.214411
R_Schaefer_Area_125  28.680105  -2.212003  -38.174990
R_Schaefer_Area_126  49.797414  -8.567426  -36.050448
R_Schaefer_Area_127  37.054689  13.895415  -36.385638
R_Schaefer_Area_128  40.469272  -15.447800 -29.725803
R_Schaefer_Area_129  30.073447  8.594903   -27.789678
R_Schaefer_Area_130  48.880940  -29.314207 -24.315578
R_Schaefer_Area_131  24.262669  -19.367873 -26.102817
R_Schaefer_Area_132  49.262445  -55.132952 42.144483 
R_Schaefer_Area_133  50.287592  -46.132659 44.135887 
R_Schaefer_Area_134  34.075124  -65.123787 41.060175 
R_Schaefer_Area_135  49.646164  -36.029181 45.545607 
R_Schaefer_Area_136  42.827951  -45.720442 43.923496 
R_Schaefer_Area_137  38.391121  -55.309507 44.966932 
R_Schaefer_Area_138  59.741982  -32.033437 -17.788309
R_Schaefer_Area_139  59.717989  -46.104706 -7.609418 
R_Schaefer_Area_140  33.536712  21.285717  -8.115381 
R_Schaefer_Area_141  26.791859  54.842645  -12.080536
R_Schaefer_Area_142  40.500951  50.260231  -4.281327 
R_Schaefer_Area_143  27.050794  56.893936  3.369109  
R_Schaefer_Area_144  45.134683  39.207030  5.891746  
R_Schaefer_Area_145  39.997503  44.290453  14.773317 
R_Schaefer_Area_146  45.401279  30.449710  17.933213 
R_Schaefer_Area_147  45.560187  17.507987  24.129851 
R_Schaefer_Area_148  25.003186  52.525574  21.491182 
R_Schaefer_Area_149  43.870647  28.094728  26.785910 
R_Schaefer_Area_150  40.602103  11.225842  32.821863 
R_Schaefer_Area_151  37.959126  29.899234  35.797730 
R_Schaefer_Area_152  41.235003  17.396405  40.284145 
R_Schaefer_Area_153  41.068860  6.545038   46.021400 
R_Schaefer_Area_154  34.048883  13.299317  51.968450 
R_Schaefer_Area_155  24.047375  7.530252   57.276121 
R_Schaefer_Area_156  12.622115  -68.729979 38.390032 
R_Schaefer_Area_157  6.425243   -62.751857 45.715607 
R_Schaefer_Area_158  6.157093   -25.269273 27.669732 
R_Schaefer_Area_159  4.663022   -2.853045  30.389762 
R_Schaefer_Area_160  8.557591   34.192958  26.131141 
R_Schaefer_Area_161  5.908179   26.138708  47.336307 
R_Schaefer_Area_162  51.848801  -48.765085 19.444589 
R_Schaefer_Area_163  46.927709  -64.444091 21.037126 
R_Schaefer_Area_164  50.564768  -56.074895 25.843074 
R_Schaefer_Area_165  53.785974  -49.641015 30.602860 
R_Schaefer_Area_166  44.766936  -64.654681 37.615437 
R_Schaefer_Area_167  49.695457  5.907359   -30.974210
R_Schaefer_Area_168  59.953167  -12.029719 -21.266657
R_Schaefer_Area_169  48.992044  13.247086  -19.043428
R_Schaefer_Area_170  53.599419  -6.679609  -13.583450
R_Schaefer_Area_171  61.244759  -28.553382 -5.769721 
R_Schaefer_Area_172  49.945883  -23.695326 -5.712176 
R_Schaefer_Area_173  59.714318  -40.913385 1.660637  
R_Schaefer_Area_174  50.915905  -35.864676 3.885929  
R_Schaefer_Area_175  32.614421  22.463342  -16.636599
R_Schaefer_Area_176  34.609733  38.933774  -12.115775
R_Schaefer_Area_177  47.077059  32.945917  -5.695032 
R_Schaefer_Area_178  51.374386  24.746904  9.200633  
R_Schaefer_Area_179  5.433645   38.058632  -10.039126
R_Schaefer_Area_180  10.206421  64.752757  2.314336  
R_Schaefer_Area_181  8.086521   42.795263  4.436339  
R_Schaefer_Area_182  8.097958   52.252681  14.510655 
R_Schaefer_Area_183  15.685447  61.823414  17.488264 
R_Schaefer_Area_184  4.945409   21.274367  21.094307 
R_Schaefer_Area_185  7.326348   53.379416  30.581518 
R_Schaefer_Area_186  17.692091  49.063980  34.281404 
R_Schaefer_Area_187  5.892938   41.127885  38.292879 
R_Schaefer_Area_188  25.984994  33.100825  39.272046 
R_Schaefer_Area_189  13.011394  37.032819  49.877003 
R_Schaefer_Area_190  23.331405  22.102399  49.895004 
R_Schaefer_Area_191  12.436122  17.317181  61.451511 
R_Schaefer_Area_192  12.018099  -52.954822 13.044510 
R_Schaefer_Area_193  6.602964   -42.830414 20.115295 
R_Schaefer_Area_194  16.828993  -62.827333 26.375826 
R_Schaefer_Area_195  5.781170   -51.252240 24.173716 
R_Schaefer_Area_196  5.546223   -64.296586 32.317608 
R_Schaefer_Area_197  6.140819   -37.454201 35.190668 
R_Schaefer_Area_198  3.304744   -19.190675 36.593041 
R_Schaefer_Area_199  10.424082  -51.204606 37.010348 
R_Schaefer_Area_200  7.629016   -48.317794 45.904152 
